40 40 1600
(0, 0, 0) /= (0, 0, 0); 0 /= 1560
(0, 0, 0) /= (0, 0, 0); 1 /= 1561
(0, 0, 0) /= (0, 0, 0); 2 /= 1562
(0, 0, 0) /= (0, 0, 0); 3 /= 1563
(255, 255, 255) /= (255, 255, 255); 4 /= 1564
(255, 255, 255) /= (255, 255, 255); 5 /= 1565
(255, 255, 255) /= (255, 255, 255); 6 /= 1566
(255, 255, 255) /= (255, 255, 255); 7 /= 1567
(255, 255, 255) /= (255, 255, 255); 8 /= 1568
(255, 255, 255) /= (255, 255, 255); 9 /= 1569
(255, 255, 255) /= (255, 255, 255); 10 /= 1570
(255, 255, 255) /= (255, 255, 255); 11 /= 1571
(255, 255, 255) /= (255, 255, 255); 12 /= 1572
(255, 255, 255) /= (255, 255, 255); 13 /= 1573
(255, 255, 255) /= (255, 255, 255); 14 /= 1574
(255, 255, 255) /= (255, 255, 255); 15 /= 1575
(255, 255, 255) /= (255, 255, 255); 16 /= 1576
(255, 255, 255) /= (255, 255, 255); 17 /= 1577
(255, 255, 255) /= (255, 255, 255); 18 /= 1578
(255, 255, 255) /= (255, 255, 255); 19 /= 1579
(255, 255, 255) /= (255, 255, 255); 20 /= 1580
(255, 255, 255) /= (255, 255, 255); 21 /= 1581
(255, 255, 255) /= (255, 255, 255); 22 /= 1582
(255, 255, 255) /= (255, 255, 255); 23 /= 1583
(255, 255, 255) /= (255, 255, 255); 24 /= 1584
(255, 255, 255) /= (255, 255, 255); 25 /= 1585
(255, 255, 255) /= (255, 255, 255); 26 /= 1586
(255, 255, 255) /= (255, 255, 255); 27 /= 1587
(255, 255, 255) /= (255, 255, 255); 28 /= 1588
(255, 255, 255) /= (255, 255, 255); 29 /= 1589
(255, 255, 255) /= (255, 255, 255); 30 /= 1590
(255, 255, 255) /= (255, 255, 255); 31 /= 1591
(255, 255, 255) /= (255, 255, 255); 32 /= 1592
(255, 255, 255) /= (255, 255, 255); 33 /= 1593
(255, 255, 255) /= (255, 255, 255); 34 /= 1594
(255, 255, 255) /= (255, 255, 255); 35 /= 1595
(255, 255, 255) /= (255, 255, 255); 36 /= 1596
(255, 255, 255) /= (255, 255, 255); 37 /= 1597
(255, 255, 255) /= (255, 255, 255); 38 /= 1598
(255, 255, 255) /= (255, 255, 255); 39 /= 1599
(0, 0, 0) /= (0, 0, 0); 40 /= 1520
(0, 0, 0) /= (0, 0, 0); 41 /= 1521
(0, 0, 0) /= (0, 0, 0); 42 /= 1522
(0, 0, 0) /= (0, 0, 0); 43 /= 1523
(255, 255, 255) /= (255, 255, 255); 44 /= 1524
(255, 255, 255) /= (255, 255, 255); 45 /= 1525
(255, 255, 255) /= (255, 255, 255); 46 /= 1526
(255, 255, 255) /= (255, 255, 255); 47 /= 1527
(255, 255, 255) /= (255, 255, 255); 48 /= 1528
(255, 255, 255) /= (255, 255, 255); 49 /= 1529
(255, 255, 255) /= (255, 255, 255); 50 /= 1530
(255, 255, 255) /= (255, 255, 255); 51 /= 1531
(255, 255, 255) /= (255, 255, 255); 52 /= 1532
(255, 255, 255) /= (255, 255, 255); 53 /= 1533
(255, 255, 255) /= (255, 255, 255); 54 /= 1534
(255, 255, 255) /= (255, 255, 255); 55 /= 1535
(255, 255, 255) /= (255, 255, 255); 56 /= 1536
(255, 255, 255) /= (255, 255, 255); 57 /= 1537
(255, 255, 255) /= (255, 255, 255); 58 /= 1538
(255, 255, 255) /= (255, 255, 255); 59 /= 1539
(255, 255, 255) /= (255, 255, 255); 60 /= 1540
(255, 255, 255) /= (255, 255, 255); 61 /= 1541
(255, 255, 255) /= (255, 255, 255); 62 /= 1542
(255, 255, 255) /= (255, 255, 255); 63 /= 1543
(255, 255, 255) /= (255, 255, 255); 64 /= 1544
(255, 255, 255) /= (255, 255, 255); 65 /= 1545
(255, 255, 255) /= (255, 255, 255); 66 /= 1546
(255, 255, 255) /= (255, 255, 255); 67 /= 1547
(255, 255, 255) /= (255, 255, 255); 68 /= 1548
(255, 255, 255) /= (255, 255, 255); 69 /= 1549
(255, 255, 255) /= (255, 255, 255); 70 /= 1550
(255, 255, 255) /= (255, 255, 255); 71 /= 1551
(255, 255, 255) /= (255, 255, 255); 72 /= 1552
(255, 255, 255) /= (255, 255, 255); 73 /= 1553
(255, 255, 255) /= (255, 255, 255); 74 /= 1554
(255, 255, 255) /= (255, 255, 255); 75 /= 1555
(255, 255, 255) /= (255, 255, 255); 76 /= 1556
(255, 255, 255) /= (255, 255, 255); 77 /= 1557
(255, 255, 255) /= (255, 255, 255); 78 /= 1558
(255, 255, 255) /= (255, 255, 255); 79 /= 1559
(0, 0, 0) /= (0, 0, 0); 80 /= 1480
(0, 0, 0) /= (0, 0, 0); 81 /= 1481
(0, 0, 0) /= (0, 0, 0); 82 /= 1482
(0, 0, 0) /= (0, 0, 0); 83 /= 1483
(255, 255, 255) /= (255, 255, 255); 84 /= 1484
(255, 255, 255) /= (255, 255, 255); 85 /= 1485
(255, 255, 255) /= (255, 255, 255); 86 /= 1486
(255, 255, 255) /= (255, 255, 255); 87 /= 1487
(255, 255, 255) /= (255, 255, 255); 88 /= 1488
(255, 255, 255) /= (255, 255, 255); 89 /= 1489
(255, 255, 255) /= (255, 255, 255); 90 /= 1490
(255, 255, 255) /= (255, 255, 255); 91 /= 1491
(255, 255, 255) /= (255, 255, 255); 92 /= 1492
(255, 255, 255) /= (255, 255, 255); 93 /= 1493
(255, 255, 255) /= (255, 255, 255); 94 /= 1494
(255, 255, 255) /= (255, 255, 255); 95 /= 1495
(255, 255, 255) /= (255, 255, 255); 96 /= 1496
(255, 255, 255) /= (255, 255, 255); 97 /= 1497
(255, 255, 255) /= (255, 255, 255); 98 /= 1498
(255, 255, 255) /= (255, 255, 255); 99 /= 1499
(255, 255, 255) /= (255, 255, 255); 100 /= 1500
(255, 255, 255) /= (255, 255, 255); 101 /= 1501
(255, 255, 255) /= (255, 255, 255); 102 /= 1502
(255, 255, 255) /= (255, 255, 255); 103 /= 1503
(255, 255, 255) /= (255, 255, 255); 104 /= 1504
(255, 255, 255) /= (255, 255, 255); 105 /= 1505
(255, 255, 255) /= (255, 255, 255); 106 /= 1506
(255, 255, 255) /= (255, 255, 255); 107 /= 1507
(255, 255, 255) /= (255, 255, 255); 108 /= 1508
(255, 255, 255) /= (255, 255, 255); 109 /= 1509
(255, 255, 255) /= (255, 255, 255); 110 /= 1510
(255, 255, 255) /= (255, 255, 255); 111 /= 1511
(255, 255, 255) /= (255, 255, 255); 112 /= 1512
(255, 255, 255) /= (255, 255, 255); 113 /= 1513
(255, 255, 255) /= (255, 255, 255); 114 /= 1514
(255, 255, 255) /= (255, 255, 255); 115 /= 1515
(255, 255, 255) /= (255, 255, 255); 116 /= 1516
(255, 255, 255) /= (255, 255, 255); 117 /= 1517
(255, 255, 255) /= (255, 255, 255); 118 /= 1518
(255, 255, 255) /= (255, 255, 255); 119 /= 1519
(0, 0, 0) /= (0, 0, 0); 120 /= 1440
(0, 0, 0) /= (0, 0, 0); 121 /= 1441
(0, 0, 0) /= (0, 0, 0); 122 /= 1442
(0, 0, 0) /= (0, 0, 0); 123 /= 1443
(255, 255, 255) /= (255, 255, 255); 124 /= 1444
(255, 255, 255) /= (255, 255, 255); 125 /= 1445
(255, 255, 255) /= (255, 255, 255); 126 /= 1446
(255, 255, 255) /= (255, 255, 255); 127 /= 1447
(255, 255, 255) /= (255, 255, 255); 128 /= 1448
(255, 255, 255) /= (255, 255, 255); 129 /= 1449
(255, 255, 255) /= (255, 255, 255); 130 /= 1450
(255, 255, 255) /= (255, 255, 255); 131 /= 1451
(255, 255, 255) /= (255, 255, 255); 132 /= 1452
(255, 255, 255) /= (255, 255, 255); 133 /= 1453
(255, 255, 255) /= (255, 255, 255); 134 /= 1454
(255, 255, 255) /= (255, 255, 255); 135 /= 1455
(255, 255, 255) /= (255, 255, 255); 136 /= 1456
(255, 255, 255) /= (255, 255, 255); 137 /= 1457
(255, 255, 255) /= (255, 255, 255); 138 /= 1458
(255, 255, 255) /= (255, 255, 255); 139 /= 1459
(255, 255, 255) /= (255, 255, 255); 140 /= 1460
(255, 255, 255) /= (255, 255, 255); 141 /= 1461
(255, 255, 255) /= (255, 255, 255); 142 /= 1462
(255, 255, 255) /= (255, 255, 255); 143 /= 1463
(255, 255, 255) /= (255, 255, 255); 144 /= 1464
(255, 255, 255) /= (255, 255, 255); 145 /= 1465
(255, 255, 255) /= (255, 255, 255); 146 /= 1466
(255, 255, 255) /= (255, 255, 255); 147 /= 1467
(255, 255, 255) /= (255, 255, 255); 148 /= 1468
(255, 255, 255) /= (255, 255, 255); 149 /= 1469
(255, 255, 255) /= (255, 255, 255); 150 /= 1470
(255, 255, 255) /= (255, 255, 255); 151 /= 1471
(255, 255, 255) /= (255, 255, 255); 152 /= 1472
(255, 255, 255) /= (255, 255, 255); 153 /= 1473
(255, 255, 255) /= (255, 255, 255); 154 /= 1474
(255, 255, 255) /= (255, 255, 255); 155 /= 1475
(255, 255, 255) /= (255, 255, 255); 156 /= 1476
(255, 255, 255) /= (255, 255, 255); 157 /= 1477
(255, 255, 255) /= (255, 255, 255); 158 /= 1478
(255, 255, 255) /= (255, 255, 255); 159 /= 1479
(0, 0, 0) /= (0, 0, 0); 160 /= 1400
(0, 0, 0) /= (0, 0, 0); 161 /= 1401
(0, 0, 0) /= (0, 0, 0); 162 /= 1402
(0, 0, 0) /= (0, 0, 0); 163 /= 1403
(255, 255, 255) /= (255, 255, 255); 164 /= 1404
(255, 255, 255) /= (255, 255, 255); 165 /= 1405
(255, 255, 255) /= (255, 255, 255); 166 /= 1406
(255, 255, 255) /= (255, 255, 255); 167 /= 1407
(255, 255, 255) /= (255, 255, 255); 168 /= 1408
(255, 255, 255) /= (255, 255, 255); 169 /= 1409
(255, 255, 255) /= (255, 255, 255); 170 /= 1410
(255, 255, 255) /= (255, 255, 255); 171 /= 1411
(255, 255, 255) /= (255, 255, 255); 172 /= 1412
(255, 255, 255) /= (255, 255, 255); 173 /= 1413
(255, 255, 255) /= (255, 255, 255); 174 /= 1414
(255, 255, 255) /= (255, 255, 255); 175 /= 1415
(255, 255, 255) /= (255, 255, 255); 176 /= 1416
(255, 255, 255) /= (255, 255, 255); 177 /= 1417
(255, 255, 255) /= (255, 255, 255); 178 /= 1418
(255, 255, 255) /= (255, 255, 255); 179 /= 1419
(255, 255, 255) /= (255, 255, 255); 180 /= 1420
(255, 255, 255) /= (255, 255, 255); 181 /= 1421
(255, 255, 255) /= (255, 255, 255); 182 /= 1422
(255, 255, 255) /= (255, 255, 255); 183 /= 1423
(255, 255, 255) /= (255, 255, 255); 184 /= 1424
(255, 255, 255) /= (255, 255, 255); 185 /= 1425
(255, 255, 255) /= (255, 255, 255); 186 /= 1426
(255, 255, 255) /= (255, 255, 255); 187 /= 1427
(255, 255, 255) /= (255, 255, 255); 188 /= 1428
(255, 255, 255) /= (255, 255, 255); 189 /= 1429
(255, 255, 255) /= (255, 255, 255); 190 /= 1430
(255, 255, 255) /= (255, 255, 255); 191 /= 1431
(255, 255, 255) /= (255, 255, 255); 192 /= 1432
(255, 255, 255) /= (255, 255, 255); 193 /= 1433
(255, 255, 255) /= (255, 255, 255); 194 /= 1434
(255, 255, 255) /= (255, 255, 255); 195 /= 1435
(255, 255, 255) /= (255, 255, 255); 196 /= 1436
(255, 255, 255) /= (255, 255, 255); 197 /= 1437
(255, 255, 255) /= (255, 255, 255); 198 /= 1438
(255, 255, 255) /= (255, 255, 255); 199 /= 1439
(0, 0, 0) /= (0, 0, 0); 200 /= 1360
(0, 0, 0) /= (0, 0, 0); 201 /= 1361
(0, 0, 0) /= (0, 0, 0); 202 /= 1362
(0, 0, 0) /= (0, 0, 0); 203 /= 1363
(255, 255, 255) /= (255, 255, 255); 204 /= 1364
(255, 255, 255) /= (255, 255, 255); 205 /= 1365
(255, 255, 255) /= (255, 255, 255); 206 /= 1366
(255, 255, 255) /= (255, 255, 255); 207 /= 1367
(255, 255, 255) /= (255, 255, 255); 208 /= 1368
(255, 255, 255) /= (255, 255, 255); 209 /= 1369
(255, 255, 255) /= (255, 255, 255); 210 /= 1370
(255, 255, 255) /= (255, 255, 255); 211 /= 1371
(255, 255, 255) /= (255, 255, 255); 212 /= 1372
(255, 255, 255) /= (255, 255, 255); 213 /= 1373
(255, 255, 255) /= (255, 255, 255); 214 /= 1374
(255, 255, 255) /= (255, 255, 255); 215 /= 1375
(255, 255, 255) /= (255, 255, 255); 216 /= 1376
(255, 255, 255) /= (255, 255, 255); 217 /= 1377
(255, 255, 255) /= (255, 255, 255); 218 /= 1378
(255, 255, 255) /= (255, 255, 255); 219 /= 1379
(255, 255, 255) /= (255, 255, 255); 220 /= 1380
(255, 255, 255) /= (255, 255, 255); 221 /= 1381
(255, 255, 255) /= (255, 255, 255); 222 /= 1382
(255, 255, 255) /= (255, 255, 255); 223 /= 1383
(255, 255, 255) /= (255, 255, 255); 224 /= 1384
(255, 255, 255) /= (255, 255, 255); 225 /= 1385
(255, 255, 255) /= (255, 255, 255); 226 /= 1386
(255, 255, 255) /= (255, 255, 255); 227 /= 1387
(255, 255, 255) /= (255, 255, 255); 228 /= 1388
(255, 255, 255) /= (255, 255, 255); 229 /= 1389
(255, 255, 255) /= (255, 255, 255); 230 /= 1390
(255, 255, 255) /= (255, 255, 255); 231 /= 1391
(255, 255, 255) /= (255, 255, 255); 232 /= 1392
(255, 255, 255) /= (255, 255, 255); 233 /= 1393
(255, 255, 255) /= (255, 255, 255); 234 /= 1394
(255, 255, 255) /= (255, 255, 255); 235 /= 1395
(255, 255, 255) /= (255, 255, 255); 236 /= 1396
(255, 255, 255) /= (255, 255, 255); 237 /= 1397
(255, 255, 255) /= (255, 255, 255); 238 /= 1398
(255, 255, 255) /= (255, 255, 255); 239 /= 1399
(0, 0, 0) /= (0, 0, 0); 240 /= 1320
(0, 0, 0) /= (0, 0, 0); 241 /= 1321
(0, 0, 0) /= (0, 0, 0); 242 /= 1322
(0, 0, 0) /= (0, 0, 0); 243 /= 1323
(255, 255, 255) /= (255, 255, 255); 244 /= 1324
(255, 255, 255) /= (255, 255, 255); 245 /= 1325
(255, 255, 255) /= (255, 255, 255); 246 /= 1326
(255, 255, 255) /= (255, 255, 255); 247 /= 1327
(255, 255, 255) /= (255, 255, 255); 248 /= 1328
(255, 255, 255) /= (255, 255, 255); 249 /= 1329
(255, 255, 255) /= (255, 255, 255); 250 /= 1330
(255, 255, 255) /= (255, 255, 255); 251 /= 1331
(255, 255, 255) /= (255, 255, 255); 252 /= 1332
(255, 255, 255) /= (255, 255, 255); 253 /= 1333
(255, 255, 255) /= (255, 255, 255); 254 /= 1334
(255, 255, 255) /= (255, 255, 255); 255 /= 1335
(255, 255, 255) /= (255, 255, 255); 256 /= 1336
(255, 255, 255) /= (255, 255, 255); 257 /= 1337
(255, 255, 255) /= (255, 255, 255); 258 /= 1338
(255, 255, 255) /= (255, 255, 255); 259 /= 1339
(255, 255, 255) /= (255, 255, 255); 260 /= 1340
(255, 255, 255) /= (255, 255, 255); 261 /= 1341
(255, 255, 255) /= (255, 255, 255); 262 /= 1342
(255, 255, 255) /= (255, 255, 255); 263 /= 1343
(255, 255, 255) /= (255, 255, 255); 264 /= 1344
(255, 255, 255) /= (255, 255, 255); 265 /= 1345
(255, 255, 255) /= (255, 255, 255); 266 /= 1346
(255, 255, 255) /= (255, 255, 255); 267 /= 1347
(255, 255, 255) /= (255, 255, 255); 268 /= 1348
(255, 255, 255) /= (255, 255, 255); 269 /= 1349
(255, 255, 255) /= (255, 255, 255); 270 /= 1350
(255, 255, 255) /= (255, 255, 255); 271 /= 1351
(255, 255, 255) /= (255, 255, 255); 272 /= 1352
(255, 255, 255) /= (255, 255, 255); 273 /= 1353
(255, 255, 255) /= (255, 255, 255); 274 /= 1354
(255, 255, 255) /= (255, 255, 255); 275 /= 1355
(255, 255, 255) /= (255, 255, 255); 276 /= 1356
(255, 255, 255) /= (255, 255, 255); 277 /= 1357
(255, 255, 255) /= (255, 255, 255); 278 /= 1358
(255, 255, 255) /= (255, 255, 255); 279 /= 1359
(0, 0, 0) /= (0, 0, 0); 280 /= 1280
(0, 0, 0) /= (0, 0, 0); 281 /= 1281
(0, 0, 0) /= (0, 0, 0); 282 /= 1282
(0, 0, 0) /= (0, 0, 0); 283 /= 1283
(255, 255, 255) /= (255, 255, 255); 284 /= 1284
(255, 255, 255) /= (255, 255, 255); 285 /= 1285
(255, 255, 255) /= (255, 255, 255); 286 /= 1286
(255, 255, 255) /= (255, 255, 255); 287 /= 1287
(255, 255, 255) /= (255, 255, 255); 288 /= 1288
(255, 255, 255) /= (255, 255, 255); 289 /= 1289
(255, 255, 255) /= (255, 255, 255); 290 /= 1290
(255, 255, 255) /= (255, 255, 255); 291 /= 1291
(255, 255, 255) /= (255, 255, 255); 292 /= 1292
(255, 255, 255) /= (255, 255, 255); 293 /= 1293
(255, 255, 255) /= (255, 255, 255); 294 /= 1294
(255, 255, 255) /= (255, 255, 255); 295 /= 1295
(255, 255, 255) /= (255, 255, 255); 296 /= 1296
(255, 255, 255) /= (255, 255, 255); 297 /= 1297
(255, 255, 255) /= (255, 255, 255); 298 /= 1298
(255, 255, 255) /= (255, 255, 255); 299 /= 1299
(255, 255, 255) /= (255, 255, 255); 300 /= 1300
(255, 255, 255) /= (255, 255, 255); 301 /= 1301
(255, 255, 255) /= (255, 255, 255); 302 /= 1302
(255, 255, 255) /= (255, 255, 255); 303 /= 1303
(255, 255, 255) /= (255, 255, 255); 304 /= 1304
(255, 255, 255) /= (255, 255, 255); 305 /= 1305
(255, 255, 255) /= (255, 255, 255); 306 /= 1306
(255, 255, 255) /= (255, 255, 255); 307 /= 1307
(255, 255, 255) /= (255, 255, 255); 308 /= 1308
(255, 255, 255) /= (255, 255, 255); 309 /= 1309
(255, 255, 255) /= (255, 255, 255); 310 /= 1310
(255, 255, 255) /= (255, 255, 255); 311 /= 1311
(255, 255, 255) /= (255, 255, 255); 312 /= 1312
(255, 255, 255) /= (255, 255, 255); 313 /= 1313
(255, 255, 255) /= (255, 255, 255); 314 /= 1314
(255, 255, 255) /= (255, 255, 255); 315 /= 1315
(255, 255, 255) /= (255, 255, 255); 316 /= 1316
(255, 255, 255) /= (255, 255, 255); 317 /= 1317
(255, 255, 255) /= (255, 255, 255); 318 /= 1318
(255, 255, 255) /= (255, 255, 255); 319 /= 1319
(0, 0, 0) /= (0, 0, 0); 320 /= 1240
(0, 0, 0) /= (0, 0, 0); 321 /= 1241
(0, 0, 0) /= (0, 0, 0); 322 /= 1242
(0, 0, 0) /= (0, 0, 0); 323 /= 1243
(255, 255, 255) /= (255, 255, 255); 324 /= 1244
(255, 255, 255) /= (255, 255, 255); 325 /= 1245
(255, 255, 255) /= (255, 255, 255); 326 /= 1246
(255, 255, 255) /= (255, 255, 255); 327 /= 1247
(255, 255, 255) /= (255, 255, 255); 328 /= 1248
(255, 255, 255) /= (255, 255, 255); 329 /= 1249
(255, 255, 255) /= (255, 255, 255); 330 /= 1250
(255, 255, 255) /= (255, 255, 255); 331 /= 1251
(255, 255, 255) /= (255, 255, 255); 332 /= 1252
(255, 255, 255) /= (255, 255, 255); 333 /= 1253
(255, 255, 255) /= (255, 255, 255); 334 /= 1254
(255, 255, 255) /= (255, 255, 255); 335 /= 1255
(255, 255, 255) /= (255, 255, 255); 336 /= 1256
(255, 255, 255) /= (255, 255, 255); 337 /= 1257
(255, 255, 255) /= (255, 255, 255); 338 /= 1258
(255, 255, 255) /= (255, 255, 255); 339 /= 1259
(255, 255, 255) /= (255, 255, 255); 340 /= 1260
(255, 255, 255) /= (255, 255, 255); 341 /= 1261
(255, 255, 255) /= (255, 255, 255); 342 /= 1262
(255, 255, 255) /= (255, 255, 255); 343 /= 1263
(255, 255, 255) /= (255, 255, 255); 344 /= 1264
(255, 255, 255) /= (255, 255, 255); 345 /= 1265
(255, 255, 255) /= (255, 255, 255); 346 /= 1266
(255, 255, 255) /= (255, 255, 255); 347 /= 1267
(255, 255, 255) /= (255, 255, 255); 348 /= 1268
(255, 255, 255) /= (255, 255, 255); 349 /= 1269
(255, 255, 255) /= (255, 255, 255); 350 /= 1270
(255, 255, 255) /= (255, 255, 255); 351 /= 1271
(255, 255, 255) /= (255, 255, 255); 352 /= 1272
(255, 255, 255) /= (255, 255, 255); 353 /= 1273
(255, 255, 255) /= (255, 255, 255); 354 /= 1274
(255, 255, 255) /= (255, 255, 255); 355 /= 1275
(255, 255, 255) /= (255, 255, 255); 356 /= 1276
(255, 255, 255) /= (255, 255, 255); 357 /= 1277
(255, 255, 255) /= (255, 255, 255); 358 /= 1278
(255, 255, 255) /= (255, 255, 255); 359 /= 1279
(0, 0, 0) /= (0, 0, 0); 360 /= 1200
(0, 0, 0) /= (0, 0, 0); 361 /= 1201
(0, 0, 0) /= (0, 0, 0); 362 /= 1202
(0, 0, 0) /= (0, 0, 0); 363 /= 1203
(255, 255, 255) /= (255, 255, 255); 364 /= 1204
(255, 255, 255) /= (255, 255, 255); 365 /= 1205
(255, 255, 255) /= (255, 255, 255); 366 /= 1206
(255, 255, 255) /= (255, 255, 255); 367 /= 1207
(255, 255, 255) /= (255, 255, 255); 368 /= 1208
(255, 255, 255) /= (255, 255, 255); 369 /= 1209
(255, 255, 255) /= (255, 255, 255); 370 /= 1210
(255, 255, 255) /= (255, 255, 255); 371 /= 1211
(255, 255, 255) /= (255, 255, 255); 372 /= 1212
(255, 255, 255) /= (255, 255, 255); 373 /= 1213
(255, 255, 255) /= (255, 255, 255); 374 /= 1214
(255, 255, 255) /= (255, 255, 255); 375 /= 1215
(255, 255, 255) /= (255, 255, 255); 376 /= 1216
(255, 255, 255) /= (255, 255, 255); 377 /= 1217
(255, 255, 255) /= (255, 255, 255); 378 /= 1218
(255, 255, 255) /= (255, 255, 255); 379 /= 1219
(255, 255, 255) /= (255, 255, 255); 380 /= 1220
(255, 255, 255) /= (255, 255, 255); 381 /= 1221
(255, 255, 255) /= (255, 255, 255); 382 /= 1222
(255, 255, 255) /= (255, 255, 255); 383 /= 1223
(255, 255, 255) /= (255, 255, 255); 384 /= 1224
(255, 255, 255) /= (255, 255, 255); 385 /= 1225
(255, 255, 255) /= (255, 255, 255); 386 /= 1226
(255, 255, 255) /= (255, 255, 255); 387 /= 1227
(255, 255, 255) /= (255, 255, 255); 388 /= 1228
(255, 255, 255) /= (255, 255, 255); 389 /= 1229
(255, 255, 255) /= (255, 255, 255); 390 /= 1230
(255, 255, 255) /= (255, 255, 255); 391 /= 1231
(255, 255, 255) /= (255, 255, 255); 392 /= 1232
(255, 255, 255) /= (255, 255, 255); 393 /= 1233
(255, 255, 255) /= (255, 255, 255); 394 /= 1234
(255, 255, 255) /= (255, 255, 255); 395 /= 1235
(255, 255, 255) /= (255, 255, 255); 396 /= 1236
(255, 255, 255) /= (255, 255, 255); 397 /= 1237
(255, 255, 255) /= (255, 255, 255); 398 /= 1238
(255, 255, 255) /= (255, 255, 255); 399 /= 1239
(0, 0, 0) /= (0, 0, 0); 400 /= 1160
(0, 0, 0) /= (0, 0, 0); 401 /= 1161
(0, 0, 0) /= (0, 0, 0); 402 /= 1162
(0, 0, 0) /= (0, 0, 0); 403 /= 1163
(255, 255, 255) /= (255, 255, 255); 404 /= 1164
(255, 255, 255) /= (255, 255, 255); 405 /= 1165
(255, 255, 255) /= (255, 255, 255); 406 /= 1166
(255, 255, 255) /= (255, 255, 255); 407 /= 1167
(255, 255, 255) /= (255, 255, 255); 408 /= 1168
(255, 255, 255) /= (255, 255, 255); 409 /= 1169
(255, 255, 255) /= (255, 255, 255); 410 /= 1170
(255, 255, 255) /= (255, 255, 255); 411 /= 1171
(255, 255, 255) /= (255, 255, 255); 412 /= 1172
(255, 255, 255) /= (255, 255, 255); 413 /= 1173
(255, 255, 255) /= (255, 255, 255); 414 /= 1174
(255, 255, 255) /= (255, 255, 255); 415 /= 1175
(255, 255, 255) /= (255, 255, 255); 416 /= 1176
(255, 255, 255) /= (255, 255, 255); 417 /= 1177
(255, 255, 255) /= (255, 255, 255); 418 /= 1178
(255, 255, 255) /= (255, 255, 255); 419 /= 1179
(255, 255, 255) /= (255, 255, 255); 420 /= 1180
(255, 255, 255) /= (255, 255, 255); 421 /= 1181
(255, 255, 255) /= (255, 255, 255); 422 /= 1182
(255, 255, 255) /= (255, 255, 255); 423 /= 1183
(255, 255, 255) /= (255, 255, 255); 424 /= 1184
(255, 255, 255) /= (255, 255, 255); 425 /= 1185
(255, 255, 255) /= (255, 255, 255); 426 /= 1186
(255, 255, 255) /= (255, 255, 255); 427 /= 1187
(255, 255, 255) /= (255, 255, 255); 428 /= 1188
(255, 255, 255) /= (255, 255, 255); 429 /= 1189
(255, 255, 255) /= (255, 255, 255); 430 /= 1190
(255, 255, 255) /= (255, 255, 255); 431 /= 1191
(255, 255, 255) /= (255, 255, 255); 432 /= 1192
(255, 255, 255) /= (255, 255, 255); 433 /= 1193
(255, 255, 255) /= (255, 255, 255); 434 /= 1194
(255, 255, 255) /= (255, 255, 255); 435 /= 1195
(255, 255, 255) /= (255, 255, 255); 436 /= 1196
(255, 255, 255) /= (255, 255, 255); 437 /= 1197
(255, 255, 255) /= (255, 255, 255); 438 /= 1198
(255, 255, 255) /= (255, 255, 255); 439 /= 1199
(0, 0, 0) /= (0, 0, 0); 440 /= 1120
(0, 0, 0) /= (0, 0, 0); 441 /= 1121
(0, 0, 0) /= (0, 0, 0); 442 /= 1122
(0, 0, 0) /= (0, 0, 0); 443 /= 1123
(255, 255, 255) /= (255, 255, 255); 444 /= 1124
(255, 255, 255) /= (255, 255, 255); 445 /= 1125
(255, 255, 255) /= (255, 255, 255); 446 /= 1126
(255, 255, 255) /= (255, 255, 255); 447 /= 1127
(255, 255, 255) /= (255, 255, 255); 448 /= 1128
(255, 255, 255) /= (255, 255, 255); 449 /= 1129
(255, 255, 255) /= (255, 255, 255); 450 /= 1130
(255, 255, 255) /= (255, 255, 255); 451 /= 1131
(255, 255, 255) /= (255, 255, 255); 452 /= 1132
(255, 255, 255) /= (255, 255, 255); 453 /= 1133
(255, 255, 255) /= (255, 255, 255); 454 /= 1134
(255, 255, 255) /= (255, 255, 255); 455 /= 1135
(255, 255, 255) /= (255, 255, 255); 456 /= 1136
(255, 255, 255) /= (255, 255, 255); 457 /= 1137
(255, 255, 255) /= (255, 255, 255); 458 /= 1138
(255, 255, 255) /= (255, 255, 255); 459 /= 1139
(255, 255, 255) /= (255, 255, 255); 460 /= 1140
(255, 255, 255) /= (255, 255, 255); 461 /= 1141
(255, 255, 255) /= (255, 255, 255); 462 /= 1142
(255, 255, 255) /= (255, 255, 255); 463 /= 1143
(255, 255, 255) /= (255, 255, 255); 464 /= 1144
(255, 255, 255) /= (255, 255, 255); 465 /= 1145
(255, 255, 255) /= (255, 255, 255); 466 /= 1146
(255, 255, 255) /= (255, 255, 255); 467 /= 1147
(255, 255, 255) /= (255, 255, 255); 468 /= 1148
(255, 255, 255) /= (255, 255, 255); 469 /= 1149
(255, 255, 255) /= (255, 255, 255); 470 /= 1150
(255, 255, 255) /= (255, 255, 255); 471 /= 1151
(255, 255, 255) /= (255, 255, 255); 472 /= 1152
(255, 255, 255) /= (255, 255, 255); 473 /= 1153
(255, 255, 255) /= (255, 255, 255); 474 /= 1154
(255, 255, 255) /= (255, 255, 255); 475 /= 1155
(255, 255, 255) /= (255, 255, 255); 476 /= 1156
(255, 255, 255) /= (255, 255, 255); 477 /= 1157
(255, 255, 255) /= (255, 255, 255); 478 /= 1158
(255, 255, 255) /= (255, 255, 255); 479 /= 1159
(0, 0, 0) /= (0, 0, 0); 480 /= 1080
(0, 0, 0) /= (0, 0, 0); 481 /= 1081
(0, 0, 0) /= (0, 0, 0); 482 /= 1082
(0, 0, 0) /= (0, 0, 0); 483 /= 1083
(255, 255, 255) /= (255, 255, 255); 484 /= 1084
(255, 255, 255) /= (255, 255, 255); 485 /= 1085
(255, 255, 255) /= (255, 255, 255); 486 /= 1086
(255, 255, 255) /= (255, 255, 255); 487 /= 1087
(255, 255, 255) /= (255, 255, 255); 488 /= 1088
(255, 255, 255) /= (255, 255, 255); 489 /= 1089
(255, 255, 255) /= (255, 255, 255); 490 /= 1090
(255, 255, 255) /= (255, 255, 255); 491 /= 1091
(255, 255, 255) /= (255, 255, 255); 492 /= 1092
(255, 255, 255) /= (255, 255, 255); 493 /= 1093
(255, 255, 255) /= (255, 255, 255); 494 /= 1094
(255, 255, 255) /= (255, 255, 255); 495 /= 1095
(255, 255, 255) /= (255, 255, 255); 496 /= 1096
(255, 255, 255) /= (255, 255, 255); 497 /= 1097
(255, 255, 255) /= (255, 255, 255); 498 /= 1098
(255, 255, 255) /= (255, 255, 255); 499 /= 1099
(255, 255, 255) /= (255, 255, 255); 500 /= 1100
(255, 255, 255) /= (255, 255, 255); 501 /= 1101
(255, 255, 255) /= (255, 255, 255); 502 /= 1102
(255, 255, 255) /= (255, 255, 255); 503 /= 1103
(255, 255, 255) /= (255, 255, 255); 504 /= 1104
(255, 255, 255) /= (255, 255, 255); 505 /= 1105
(255, 255, 255) /= (255, 255, 255); 506 /= 1106
(255, 255, 255) /= (255, 255, 255); 507 /= 1107
(255, 255, 255) /= (255, 255, 255); 508 /= 1108
(255, 255, 255) /= (255, 255, 255); 509 /= 1109
(255, 255, 255) /= (255, 255, 255); 510 /= 1110
(255, 255, 255) /= (255, 255, 255); 511 /= 1111
(255, 255, 255) /= (255, 255, 255); 512 /= 1112
(255, 255, 255) /= (255, 255, 255); 513 /= 1113
(255, 255, 255) /= (255, 255, 255); 514 /= 1114
(255, 255, 255) /= (255, 255, 255); 515 /= 1115
(255, 255, 255) /= (255, 255, 255); 516 /= 1116
(255, 255, 255) /= (255, 255, 255); 517 /= 1117
(255, 255, 255) /= (255, 255, 255); 518 /= 1118
(255, 255, 255) /= (255, 255, 255); 519 /= 1119
(0, 0, 0) /= (0, 0, 0); 520 /= 1040
(0, 0, 0) /= (0, 0, 0); 521 /= 1041
(0, 0, 0) /= (0, 0, 0); 522 /= 1042
(0, 0, 0) /= (0, 0, 0); 523 /= 1043
(255, 255, 255) /= (255, 255, 255); 524 /= 1044
(255, 255, 255) /= (255, 255, 255); 525 /= 1045
(255, 255, 255) /= (255, 255, 255); 526 /= 1046
(255, 255, 255) /= (255, 255, 255); 527 /= 1047
(255, 255, 255) /= (255, 255, 255); 528 /= 1048
(255, 255, 255) /= (255, 255, 255); 529 /= 1049
(255, 255, 255) /= (255, 255, 255); 530 /= 1050
(255, 255, 255) /= (255, 255, 255); 531 /= 1051
(255, 255, 255) /= (255, 255, 255); 532 /= 1052
(255, 255, 255) /= (255, 255, 255); 533 /= 1053
(255, 255, 255) /= (255, 255, 255); 534 /= 1054
(255, 255, 255) /= (255, 255, 255); 535 /= 1055
(255, 255, 255) /= (255, 255, 255); 536 /= 1056
(255, 255, 255) /= (255, 255, 255); 537 /= 1057
(255, 255, 255) /= (255, 255, 255); 538 /= 1058
(255, 255, 255) /= (255, 255, 255); 539 /= 1059
(255, 255, 255) /= (255, 255, 255); 540 /= 1060
(255, 255, 255) /= (255, 255, 255); 541 /= 1061
(255, 255, 255) /= (255, 255, 255); 542 /= 1062
(255, 255, 255) /= (255, 255, 255); 543 /= 1063
(255, 255, 255) /= (255, 255, 255); 544 /= 1064
(255, 255, 255) /= (255, 255, 255); 545 /= 1065
(255, 255, 255) /= (255, 255, 255); 546 /= 1066
(255, 255, 255) /= (255, 255, 255); 547 /= 1067
(255, 255, 255) /= (255, 255, 255); 548 /= 1068
(255, 255, 255) /= (255, 255, 255); 549 /= 1069
(255, 255, 255) /= (255, 255, 255); 550 /= 1070
(255, 255, 255) /= (255, 255, 255); 551 /= 1071
(255, 255, 255) /= (255, 255, 255); 552 /= 1072
(255, 255, 255) /= (255, 255, 255); 553 /= 1073
(255, 255, 255) /= (255, 255, 255); 554 /= 1074
(255, 255, 255) /= (255, 255, 255); 555 /= 1075
(255, 255, 255) /= (255, 255, 255); 556 /= 1076
(255, 255, 255) /= (255, 255, 255); 557 /= 1077
(255, 255, 255) /= (255, 255, 255); 558 /= 1078
(255, 255, 255) /= (255, 255, 255); 559 /= 1079
(0, 0, 0) /= (0, 0, 0); 560 /= 1000
(0, 0, 0) /= (0, 0, 0); 561 /= 1001
(0, 0, 0) /= (0, 0, 0); 562 /= 1002
(0, 0, 0) /= (0, 0, 0); 563 /= 1003
(255, 255, 255) /= (255, 255, 255); 564 /= 1004
(255, 255, 255) /= (255, 255, 255); 565 /= 1005
(255, 255, 255) /= (255, 255, 255); 566 /= 1006
(255, 255, 255) /= (255, 255, 255); 567 /= 1007
(255, 255, 255) /= (255, 255, 255); 568 /= 1008
(255, 255, 255) /= (255, 255, 255); 569 /= 1009
(255, 255, 255) /= (255, 255, 255); 570 /= 1010
(255, 255, 255) /= (255, 255, 255); 571 /= 1011
(255, 255, 255) /= (255, 255, 255); 572 /= 1012
(255, 255, 255) /= (255, 255, 255); 573 /= 1013
(255, 255, 255) /= (255, 255, 255); 574 /= 1014
(255, 255, 255) /= (255, 255, 255); 575 /= 1015
(255, 255, 255) /= (255, 255, 255); 576 /= 1016
(255, 255, 255) /= (255, 255, 255); 577 /= 1017
(255, 255, 255) /= (255, 255, 255); 578 /= 1018
(255, 255, 255) /= (255, 255, 255); 579 /= 1019
(255, 255, 255) /= (255, 255, 255); 580 /= 1020
(255, 255, 255) /= (255, 255, 255); 581 /= 1021
(255, 255, 255) /= (255, 255, 255); 582 /= 1022
(255, 255, 255) /= (255, 255, 255); 583 /= 1023
(255, 255, 255) /= (255, 255, 255); 584 /= 1024
(255, 255, 255) /= (255, 255, 255); 585 /= 1025
(255, 255, 255) /= (255, 255, 255); 586 /= 1026
(255, 255, 255) /= (255, 255, 255); 587 /= 1027
(255, 255, 255) /= (255, 255, 255); 588 /= 1028
(255, 255, 255) /= (255, 255, 255); 589 /= 1029
(255, 255, 255) /= (255, 255, 255); 590 /= 1030
(255, 255, 255) /= (255, 255, 255); 591 /= 1031
(255, 255, 255) /= (255, 255, 255); 592 /= 1032
(255, 255, 255) /= (255, 255, 255); 593 /= 1033
(255, 255, 255) /= (255, 255, 255); 594 /= 1034
(255, 255, 255) /= (255, 255, 255); 595 /= 1035
(255, 255, 255) /= (255, 255, 255); 596 /= 1036
(255, 255, 255) /= (255, 255, 255); 597 /= 1037
(255, 255, 255) /= (255, 255, 255); 598 /= 1038
(255, 255, 255) /= (255, 255, 255); 599 /= 1039
(0, 0, 0) /= (0, 0, 0); 600 /= 960
(0, 0, 0) /= (0, 0, 0); 601 /= 961
(0, 0, 0) /= (0, 0, 0); 602 /= 962
(0, 0, 0) /= (0, 0, 0); 603 /= 963
(255, 255, 255) /= (255, 255, 255); 604 /= 964
(255, 255, 255) /= (255, 255, 255); 605 /= 965
(255, 255, 255) /= (255, 255, 255); 606 /= 966
(255, 255, 255) /= (255, 255, 255); 607 /= 967
(255, 255, 255) /= (255, 255, 255); 608 /= 968
(255, 255, 255) /= (255, 255, 255); 609 /= 969
(255, 255, 255) /= (255, 255, 255); 610 /= 970
(255, 255, 255) /= (255, 255, 255); 611 /= 971
(255, 255, 255) /= (255, 255, 255); 612 /= 972
(255, 255, 255) /= (255, 255, 255); 613 /= 973
(255, 255, 255) /= (255, 255, 255); 614 /= 974
(255, 255, 255) /= (255, 255, 255); 615 /= 975
(255, 255, 255) /= (255, 255, 255); 616 /= 976
(255, 255, 255) /= (255, 255, 255); 617 /= 977
(255, 255, 255) /= (255, 255, 255); 618 /= 978
(255, 255, 255) /= (255, 255, 255); 619 /= 979
(255, 255, 255) /= (255, 255, 255); 620 /= 980
(255, 255, 255) /= (255, 255, 255); 621 /= 981
(255, 255, 255) /= (255, 255, 255); 622 /= 982
(255, 255, 255) /= (255, 255, 255); 623 /= 983
(255, 255, 255) /= (255, 255, 255); 624 /= 984
(255, 255, 255) /= (255, 255, 255); 625 /= 985
(255, 255, 255) /= (255, 255, 255); 626 /= 986
(255, 255, 255) /= (255, 255, 255); 627 /= 987
(255, 255, 255) /= (255, 255, 255); 628 /= 988
(255, 255, 255) /= (255, 255, 255); 629 /= 989
(255, 255, 255) /= (255, 255, 255); 630 /= 990
(255, 255, 255) /= (255, 255, 255); 631 /= 991
(255, 255, 255) /= (255, 255, 255); 632 /= 992
(255, 255, 255) /= (255, 255, 255); 633 /= 993
(255, 255, 255) /= (255, 255, 255); 634 /= 994
(255, 255, 255) /= (255, 255, 255); 635 /= 995
(255, 255, 255) /= (255, 255, 255); 636 /= 996
(255, 255, 255) /= (255, 255, 255); 637 /= 997
(255, 255, 255) /= (255, 255, 255); 638 /= 998
(255, 255, 255) /= (255, 255, 255); 639 /= 999
(0, 0, 0) /= (0, 0, 0); 640 /= 920
(0, 0, 0) /= (0, 0, 0); 641 /= 921
(0, 0, 0) /= (0, 0, 0); 642 /= 922
(0, 0, 0) /= (0, 0, 0); 643 /= 923
(255, 255, 255) /= (255, 255, 255); 644 /= 924
(255, 255, 255) /= (255, 255, 255); 645 /= 925
(255, 255, 255) /= (255, 255, 255); 646 /= 926
(255, 255, 255) /= (255, 255, 255); 647 /= 927
(255, 255, 255) /= (255, 255, 255); 648 /= 928
(255, 255, 255) /= (255, 255, 255); 649 /= 929
(255, 255, 255) /= (255, 255, 255); 650 /= 930
(255, 255, 255) /= (255, 255, 255); 651 /= 931
(255, 255, 255) /= (255, 255, 255); 652 /= 932
(255, 255, 255) /= (255, 255, 255); 653 /= 933
(255, 255, 255) /= (255, 255, 255); 654 /= 934
(255, 255, 255) /= (255, 255, 255); 655 /= 935
(255, 255, 255) /= (255, 255, 255); 656 /= 936
(255, 255, 255) /= (255, 255, 255); 657 /= 937
(255, 255, 255) /= (255, 255, 255); 658 /= 938
(255, 255, 255) /= (255, 255, 255); 659 /= 939
(255, 255, 255) /= (255, 255, 255); 660 /= 940
(255, 255, 255) /= (255, 255, 255); 661 /= 941
(255, 255, 255) /= (255, 255, 255); 662 /= 942
(255, 255, 255) /= (255, 255, 255); 663 /= 943
(255, 255, 255) /= (255, 255, 255); 664 /= 944
(255, 255, 255) /= (255, 255, 255); 665 /= 945
(255, 255, 255) /= (255, 255, 255); 666 /= 946
(255, 255, 255) /= (255, 255, 255); 667 /= 947
(255, 255, 255) /= (255, 255, 255); 668 /= 948
(255, 255, 255) /= (255, 255, 255); 669 /= 949
(255, 255, 255) /= (255, 255, 255); 670 /= 950
(255, 255, 255) /= (255, 255, 255); 671 /= 951
(255, 255, 255) /= (255, 255, 255); 672 /= 952
(255, 255, 255) /= (255, 255, 255); 673 /= 953
(255, 255, 255) /= (255, 255, 255); 674 /= 954
(255, 255, 255) /= (255, 255, 255); 675 /= 955
(255, 255, 255) /= (255, 255, 255); 676 /= 956
(255, 255, 255) /= (255, 255, 255); 677 /= 957
(255, 255, 255) /= (255, 255, 255); 678 /= 958
(255, 255, 255) /= (255, 255, 255); 679 /= 959
(0, 0, 0) /= (0, 0, 0); 680 /= 880
(0, 0, 0) /= (0, 0, 0); 681 /= 881
(0, 0, 0) /= (0, 0, 0); 682 /= 882
(0, 0, 0) /= (0, 0, 0); 683 /= 883
(255, 255, 255) /= (255, 255, 255); 684 /= 884
(255, 255, 255) /= (255, 255, 255); 685 /= 885
(255, 255, 255) /= (255, 255, 255); 686 /= 886
(255, 255, 255) /= (255, 255, 255); 687 /= 887
(255, 255, 255) /= (255, 255, 255); 688 /= 888
(255, 255, 255) /= (255, 255, 255); 689 /= 889
(255, 255, 255) /= (255, 255, 255); 690 /= 890
(255, 255, 255) /= (255, 255, 255); 691 /= 891
(255, 255, 255) /= (255, 255, 255); 692 /= 892
(255, 255, 255) /= (255, 255, 255); 693 /= 893
(255, 255, 255) /= (255, 255, 255); 694 /= 894
(255, 255, 255) /= (255, 255, 255); 695 /= 895
(255, 255, 255) /= (255, 255, 255); 696 /= 896
(255, 255, 255) /= (255, 255, 255); 697 /= 897
(255, 255, 255) /= (255, 255, 255); 698 /= 898
(255, 255, 255) /= (255, 255, 255); 699 /= 899
(255, 255, 255) /= (255, 255, 255); 700 /= 900
(255, 255, 255) /= (255, 255, 255); 701 /= 901
(255, 255, 255) /= (255, 255, 255); 702 /= 902
(255, 255, 255) /= (255, 255, 255); 703 /= 903
(255, 255, 255) /= (255, 255, 255); 704 /= 904
(255, 255, 255) /= (255, 255, 255); 705 /= 905
(255, 255, 255) /= (255, 255, 255); 706 /= 906
(255, 255, 255) /= (255, 255, 255); 707 /= 907
(255, 255, 255) /= (255, 255, 255); 708 /= 908
(255, 255, 255) /= (255, 255, 255); 709 /= 909
(255, 255, 255) /= (255, 255, 255); 710 /= 910
(255, 255, 255) /= (255, 255, 255); 711 /= 911
(255, 255, 255) /= (255, 255, 255); 712 /= 912
(255, 255, 255) /= (255, 255, 255); 713 /= 913
(255, 255, 255) /= (255, 255, 255); 714 /= 914
(255, 255, 255) /= (255, 255, 255); 715 /= 915
(255, 255, 255) /= (255, 255, 255); 716 /= 916
(255, 255, 255) /= (255, 255, 255); 717 /= 917
(255, 255, 255) /= (255, 255, 255); 718 /= 918
(255, 255, 255) /= (255, 255, 255); 719 /= 919
(0, 0, 0) /= (0, 0, 0); 720 /= 840
(0, 0, 0) /= (0, 0, 0); 721 /= 841
(0, 0, 0) /= (0, 0, 0); 722 /= 842
(0, 0, 0) /= (0, 0, 0); 723 /= 843
(255, 255, 255) /= (255, 255, 255); 724 /= 844
(255, 255, 255) /= (255, 255, 255); 725 /= 845
(255, 255, 255) /= (255, 255, 255); 726 /= 846
(255, 255, 255) /= (255, 255, 255); 727 /= 847
(255, 255, 255) /= (255, 255, 255); 728 /= 848
(255, 255, 255) /= (255, 255, 255); 729 /= 849
(255, 255, 255) /= (255, 255, 255); 730 /= 850
(255, 255, 255) /= (255, 255, 255); 731 /= 851
(255, 255, 255) /= (255, 255, 255); 732 /= 852
(255, 255, 255) /= (255, 255, 255); 733 /= 853
(255, 255, 255) /= (255, 255, 255); 734 /= 854
(255, 255, 255) /= (255, 255, 255); 735 /= 855
(255, 255, 255) /= (255, 255, 255); 736 /= 856
(255, 255, 255) /= (255, 255, 255); 737 /= 857
(255, 255, 255) /= (255, 255, 255); 738 /= 858
(255, 255, 255) /= (255, 255, 255); 739 /= 859
(255, 255, 255) /= (255, 255, 255); 740 /= 860
(255, 255, 255) /= (255, 255, 255); 741 /= 861
(255, 255, 255) /= (255, 255, 255); 742 /= 862
(255, 255, 255) /= (255, 255, 255); 743 /= 863
(255, 255, 255) /= (255, 255, 255); 744 /= 864
(255, 255, 255) /= (255, 255, 255); 745 /= 865
(255, 255, 255) /= (255, 255, 255); 746 /= 866
(255, 255, 255) /= (255, 255, 255); 747 /= 867
(255, 255, 255) /= (255, 255, 255); 748 /= 868
(255, 255, 255) /= (255, 255, 255); 749 /= 869
(255, 255, 255) /= (255, 255, 255); 750 /= 870
(255, 255, 255) /= (255, 255, 255); 751 /= 871
(255, 255, 255) /= (255, 255, 255); 752 /= 872
(255, 255, 255) /= (255, 255, 255); 753 /= 873
(255, 255, 255) /= (255, 255, 255); 754 /= 874
(255, 255, 255) /= (255, 255, 255); 755 /= 875
(255, 255, 255) /= (255, 255, 255); 756 /= 876
(255, 255, 255) /= (255, 255, 255); 757 /= 877
(255, 255, 255) /= (255, 255, 255); 758 /= 878
(255, 255, 255) /= (255, 255, 255); 759 /= 879
(0, 0, 0) /= (0, 0, 0); 760 /= 800
(0, 0, 0) /= (0, 0, 0); 761 /= 801
(0, 0, 0) /= (0, 0, 0); 762 /= 802
(0, 0, 0) /= (0, 0, 0); 763 /= 803
(255, 255, 255) /= (255, 255, 255); 764 /= 804
(255, 255, 255) /= (255, 255, 255); 765 /= 805
(255, 255, 255) /= (255, 255, 255); 766 /= 806
(255, 255, 255) /= (255, 255, 255); 767 /= 807
(255, 255, 255) /= (255, 255, 255); 768 /= 808
(255, 255, 255) /= (255, 255, 255); 769 /= 809
(255, 255, 255) /= (255, 255, 255); 770 /= 810
(255, 255, 255) /= (255, 255, 255); 771 /= 811
(255, 255, 255) /= (255, 255, 255); 772 /= 812
(255, 255, 255) /= (255, 255, 255); 773 /= 813
(255, 255, 255) /= (255, 255, 255); 774 /= 814
(255, 255, 255) /= (255, 255, 255); 775 /= 815
(255, 255, 255) /= (255, 255, 255); 776 /= 816
(255, 255, 255) /= (255, 255, 255); 777 /= 817
(255, 255, 255) /= (255, 255, 255); 778 /= 818
(255, 255, 255) /= (255, 255, 255); 779 /= 819
(255, 255, 255) /= (255, 255, 255); 780 /= 820
(255, 255, 255) /= (255, 255, 255); 781 /= 821
(255, 255, 255) /= (255, 255, 255); 782 /= 822
(255, 255, 255) /= (255, 255, 255); 783 /= 823
(255, 255, 255) /= (255, 255, 255); 784 /= 824
(255, 255, 255) /= (255, 255, 255); 785 /= 825
(255, 255, 255) /= (255, 255, 255); 786 /= 826
(255, 255, 255) /= (255, 255, 255); 787 /= 827
(255, 255, 255) /= (255, 255, 255); 788 /= 828
(255, 255, 255) /= (255, 255, 255); 789 /= 829
(255, 255, 255) /= (255, 255, 255); 790 /= 830
(255, 255, 255) /= (255, 255, 255); 791 /= 831
(255, 255, 255) /= (255, 255, 255); 792 /= 832
(255, 255, 255) /= (255, 255, 255); 793 /= 833
(255, 255, 255) /= (255, 255, 255); 794 /= 834
(255, 255, 255) /= (255, 255, 255); 795 /= 835
(255, 255, 255) /= (255, 255, 255); 796 /= 836
(255, 255, 255) /= (255, 255, 255); 797 /= 837
(255, 255, 255) /= (255, 255, 255); 798 /= 838
(255, 255, 255) /= (255, 255, 255); 799 /= 839
yep
multiple of 4: yep
